NOAA 15                 
1 25338U 98030A   21033.86036124  .00000021  00000-0  27307-4 0  9996
2 25338  98.6973  63.4881 0009610 316.6619  43.3804 14.26011324181818
DMSP 5D-3 F15 (USA 147) 
1 25991U 99067A   21033.92472244 -.00000111  00000-0 -33067-4 0  9998
2 25991  99.0005  13.3985 0010123 161.0140 227.4033 14.16462895 93054
METEOSAT-8 (MSG-1)      
1 27509U 02040B   21033.69592052  .00000135  00000-0  00000-0 0  9995
2 27509   7.1306  53.1066 0001082 335.1164  36.7632  1.00270470 67604
DMSP 5D-3 F16 (USA 172) 
1 28054U 03048A   21033.90532903 -.00000070  00000-0 -13274-4 0  9994
2 28054  98.9396  18.4805 0006577 294.2005 149.3247 14.13647121892344
NOAA 18                 
1 28654U 05018A   21033.79644751  .00000093  00000-0  74953-4 0  9995
2 28654  99.0135  98.0184 0013384 303.7280  56.2616 14.12578125809432
METEOSAT-9 (MSG-2)      
1 28912U 05049B   21033.83192144  .00000017  00000-0  00000-0 0  9999
2 28912   4.9175  69.1269 0001443 281.3490  85.6604  1.00275970 55383
FORMOSAT-3 FM6          
1 29047U 06011A   21033.33393073  .00000221  00000-0  10259-3 0  9995
2 29047  71.9796   0.7771 0049309  22.9352 337.3970 14.28785463774146
FORMOSAT-3 FM1          
1 29048U 06011B   21033.70778734  .00000090  00000-0  51881-4 0  9999
2 29048  71.9655 270.6547 0044206 340.7688  19.1778 14.28752278776684
FORMOSAT-3 FM5          
1 29049U 06011C   21033.55638321  .00000086  00000-0  50138-4 0  9999
2 29049  72.0201  83.9233 0034762   4.4034 355.7401 14.28828534772458
FORMOSAT-3 FM3          
1 29050U 06011D   21033.93369118  .00000165  00000-0  45030-4 0  9991
2 29050  72.0142 205.6745 0051699 265.9625  93.5617 14.59012101789940
FORMOSAT-3 FM4          
1 29051U 06011E   21033.55069507  .00000053  00000-0  36622-4 0  9992
2 29051  72.0068 345.5410 0070409 247.5605 111.8065 14.28864170775027
FORMOSAT-3 FM2          
1 29052U 06011F   21033.74373646  .00000042  00000-0  32713-4 0  9991
2 29052  72.0338  60.0430 0041504 323.8582  35.9751 14.28970000772581
EWS-G1 (GOES 13)        
1 29155U 06018A   21033.77271559  .00000035  00000-0  00000-0 0  9997
2 29155   0.4050 103.2008 0005517 136.0658 233.6502  1.00273767 23711
METOP-A                 
1 29499U 06044A   21033.89631251 -.00000012  00000-0  13560-4 0  9994
2 29499  98.4924  78.4065 0000848  68.5174  35.8348 14.21497171741440
DMSP 5D-3 F17 (USA 191) 
1 29522U 06050A   21033.87940808  .00000007  00000-0  26543-4 0  9995
2 29522  98.7915  52.6788 0009016 238.8100 121.2190 14.14035030735276
FENGYUN 3A              
1 32958U 08026A   21033.77488196  .00000004  00000-0  21959-4 0  9996
2 32958  98.4338  13.8805 0009402  35.5838 324.5963 14.18646278657373
FENGYUN 2E              
1 33463U 08066A   21033.74080547 -.00000208  00000-0  00000-0 0  9994
2 33463   4.8227  67.7641 0004067 318.0656 101.0456  1.00269872 44438
NOAA 19                 
1 33591U 09005A   21033.95971522  .00000014  00000-0  33172-4 0  9999
2 33591  99.1926  51.2689 0014482 146.7080 213.5004 14.12450798617678
GOES 14                 
1 35491U 09033A   21033.66153429 -.00000093  00000-0  00000-0 0  9995
2 35491   0.0730 219.6672 0011542   8.2349  39.0453  1.00270653 42460
METEOR-M 1              
1 35865U 09049A   21033.56599273  .00000000  00000-0  18672-4 0  9992
2 35865  98.4642  17.1023 0001381 220.4442 139.6634 14.22263217590485
DMSP 5D-3 F18 (USA 210) 
1 35951U 09057A   21033.90544153  .00000077  00000-0  63791-4 0  9998
2 35951  98.6675  22.2888 0012151  72.4430 287.8069 14.13329937356237
GOES 15                 
1 36411U 10008A   21033.73404266  .00000049  00000-0  00000-0 0  9998
2 36411   0.4322  98.6607 0002858 313.1430 218.0762  1.00282226 40016
COMS 1                  
1 36744U 10032A   21033.85678369 -.00000345  00000-0  00000-0 0  9994
2 36744   0.0209 144.5158 0000930 185.6744 239.6590  1.00270917 31434
FENGYUN 3B              
1 37214U 10059A   21033.92620902  .00000021  00000-0  34369-4 0  9993
2 37214  99.0710  25.4944 0016656 337.8035  51.6743 14.15974389530258
SUOMI NPP               
1 37849U 11061A   21033.80958396  .00000015  00000-0  27972-4 0  9994
2 37849  98.7258 334.3670 0000924  57.1204 329.3407 14.19549504480318
FENGYUN 2F              
1 38049U 12002A   21033.92535119 -.00000359  00000-0  00000-0 0  9991
2 38049   2.5957  82.7635 0004094  27.4035 108.4773  1.00275227 33230
METEOSAT-10 (MSG-3)     
1 38552U 12035B   21033.83305550  .00000060  00000-0  00000-0 0  9998
2 38552   1.2291 357.8308 0001075  28.7191  55.7555  1.00270760 31206
METOP-B                 
1 38771U 12049A   21033.95265137 -.00000010  00000-0  15441-4 0  9990
2 38771  98.6993  95.9332 0002344  72.3882  53.8138 14.21496585434774
FENGYUN 3C              
1 39260U 13052A   21033.79499871  .00000021  00000-0  31891-4 0  9993
2 39260  98.5195  80.5456 0009919 274.3843  85.6198 14.15858179381217
METEOR-M 2              
1 40069U 14037A   21033.84606464 -.00000011  00000-0  14445-4 0  9996
2 40069  98.4769  68.3487 0005206 345.7494  14.3535 14.20680724340922
HIMAWARI-8              
1 40267U 14060A   21033.83313490 -.00000276  00000-0  00000-0 0  9996
2 40267   0.0564 207.3383 0000953 114.5219 251.9371  1.00271958 23109
FENGYUN 2G              
1 40367U 14090A   21027.53440044 -.00000295  00000-0  00000-0 0  9997
2 40367   0.6858  93.1678 0002306 298.7235  26.9374  1.00284711 22324
METEOSAT-11 (MSG-4)     
1 40732U 15034A   21033.90301878 -.00000004  00000-0  00000-0 0  9999
2 40732   0.2965 257.4596 0001109   1.8900 199.1614  1.00264306 20383
ELEKTRO-L 2             
1 41105U 15074A   21033.90013998 -.00000116  00000-0  00000-0 0  9995
2 41105   1.7532  94.2328 0001999 156.4892 192.1703  1.00271361 18858
HIMAWARI-9              
1 41836U 16064A   21033.83313490 -.00000276  00000-0  00000-0 0  9995
2 41836   0.0518 269.9437 0001566 100.3582 203.5768  1.00269555 15533
GOES 16                 
1 41866U 16071A   21033.85327456 -.00000248  00000-0  00000-0 0  9994
2 41866   0.0276 261.2507 0001487  84.1169  19.8281  1.00271411 15455
FENGYUN 4A              
1 41882U 16077A   21033.95081292 -.00000331  00000-0  00000-0 0  9997
2 41882   0.0759  84.3786 0004774 339.6536 156.2526  1.00270247 15320
CYGFM05                 
1 41884U 16078A   21033.51247528  .00000534  00000-0  29703-4 0  9997
2 41884  34.9571  70.6905 0016186 299.6081  60.3018 15.14870634228986
CYGFM04                 
1 41885U 16078B   21033.47030584  .00000553  00000-0  30309-4 0  9990
2 41885  34.9504  62.8954 0014497 310.7793  49.1660 15.15377246228988
CYGFM02                 
1 41886U 16078C   21033.46354433  .00000551  00000-0  30190-4 0  9998
2 41886  34.9597  64.8339 0015307 306.5047  53.4255 15.15376046229049
CYGFM01                 
1 41887U 16078D   21033.44407471  .00000528  00000-0  29536-4 0  9994
2 41887  34.9539  72.6124 0016664 299.3487  60.5559 15.14665052228928
CYGFM08                 
1 41888U 16078E   21033.50424677  .00000535  00000-0  29589-4 0  9995
2 41888  34.9510  67.0520 0015788 307.7854  52.1427 15.15080224229031
CYGFM06                 
1 41889U 16078F   21033.44320833  .00000552  00000-0  30276-4 0  9992
2 41889  34.9590  63.6523 0014238 306.0140  53.9252 15.15366682229001
CYGFM07                 
1 41890U 16078G   21033.42180616  .00000538  00000-0  29507-4 0  9994
2 41890  34.9528  62.7733 0013957 309.2552  50.6921 15.15366049228997
CYGFM03                 
1 41891U 16078H   21033.41831104  .00000532  00000-0  29236-4 0  9992
2 41891  34.9560  63.1134 0013477 307.7852  52.1639 15.15352546228997
FENGYUN 3D              
1 43010U 17072A   21033.81944772 -.00000024  00000-0  95121-5 0  9996
2 43010  98.7758 336.7869 0002184 111.1140 249.0273 14.19759661166885
NOAA 20                 
1 43013U 17073A   21033.83989655  .00000012  00000-0  26665-4 0  9993
2 43013  98.7422 334.4552 0001325  78.1313 282.0012 14.19549377166340
GOES 17                 
1 43226U 18022A   21033.73186177  .00000097  00000-0  00000-0 0  9995
2 43226   0.0472 254.6247 0000718 102.5898 262.1221  1.00272236 10753
FENGYUN 2H              
1 43491U 18050A   21033.88174528 -.00000130  00000-0  00000-0 0  9992
2 43491   0.1282 242.6721 0002222 253.1353  34.2418  1.00269997  9857
METOP-C                 
1 43689U 18087A   21033.89505653 -.00000015  00000-0  13264-4 0  9991
2 43689  98.7063  96.2786 0003223  61.7192 298.4310 14.21489925116335
GEO-KOMPSAT-2A          
1 43823U 18100A   21033.85678369 -.00000345  00000-0  00000-0 0  9994
2 43823   0.0513 268.4226 0001981  27.0978 274.3973  1.00269361  7968
IOD-1 GEMS              
1 44385U 98067QK  21033.82214368  .00102562  00000-0  56627-3 0  9992
2 44385  51.6346 242.9788 0004313 168.6312 191.4787 15.78824842 90600
METEOR-M2 2             
1 44387U 19038A   21033.81570473 -.00000030  00000-0  58191-5 0  9994
2 44387  98.6520 355.6603 0000455 351.1577   8.9595 14.23685083 82319
